3.904

5.094

5.506

6.013

8.011

10.646

16.559

16.128

13.047

7.542

5.264

5.948

6.992

11.832

26.933

33.952

26.752

46.347

39.861

41.211

22.541

27.299

29.925

40.367

38.894

30.813

36.438

35.395

35.908

36.741

36.237

34.970

35.554

43.775

56.936

80.054

49.729

46.902

47.102

48.780

52.097

49.945

54.671

78.197

86.612

88.086

61.803

105.571

116.390

104.886

103.832

106.971

114.746

129.241

134.895

158.615

256.564

348.979

370.652

229.419

221.503

206.792

185.123

236.638

214.543

175.470

179.322

221.825

278.104

281.408

201.330

268.436

326.856

329.230

330.622

356.316

353.573

329.40