

1334.520

1317.330

1318.640

1302.820

1293.640

1294.000

1301.160

1330.410

1339.900

1342.840

1349.000

1335.880

1333.060

1315.780

1315.310

1331.350

1351.450

1372.710

1380.960

1391.220

1388.120

1395.860

1394.420

1403.280

1399.100

1393.560

1398.170

1409.620

1418.780

1407.650

1377.100

1379.290

1360.970

1356.940

1347.760

1362.840

1365.400

1341.030

1328.720

1328.050

1322.180

1305.330

1313.710

1300.290

1297.800

1281.430

1301.930

1298.160

1327.680

1330.770

1344.160

1332.840

1323.590

1336.610

1360.220

1363.500

1381.790

1362.010

1348.270

1324.020

1320.410

1331.070

1319.110

1357.240

1350.450

1344.150

1347.660

1351.660

1344.130

1336.290

1317.970

1318.480

1335.420

1335.530

1307.580

1310.510

1280.410

1277.360

1283.310

1282.200

1268.370

1282.710

1282.810

1304.600

1301.350

1325.400

1317.640

1336.020

1335.210

1313.040

1285.550

1283.420

1247.410

1254.130

1261.320

1289.430

1283.610

1301.650

1293.630

1281.910

1296.710

1342.440

1362.930

1354.120

1347.740

1354.930

1362.640

1370.230

1377.010

1365.280

1373.460

1381.460

1396.060

1394.390

1420.030

1410.710

1424.940

1422.000

1420.940

1404.640

1417.080

1416.620

1407.830

1388.910

1397.720

1409.040

1433.300

1423.340

1409.170

1403.880

1408.110

1417.040

1415.220

1403.170

1413.330

1418.780

1421.050

1418.090

1433.430

1436.130

1458.340

1457.090

1457.660

1463.460

1464.470

1469.250

1455.220

1399.420

1402.110

1403.450

1441.470

1457.600

1438.560

1432.250

1449.680

1465.150

1455.140

1455.900

1445.570

1441.360

1401.530

1410.030

1404.090

1398.560

1360.160

1394.460

1409.280

1409.120

1424.970

1424.370

1424.240

1441.720

1411.700

1416.830

1387.120

1389.940

1402.050

1387.670

1388.250

1346.090

1352.170

1360.690

1353.430

1333.360

1348.050

1366.420

1379.190

1381.760

1409.170

1391.280

1355.620

1366.700

1401.690

1395.070

1383.620

1359.150

1392.140

1458.470

1464.470

1456.630

1493.870

1500.640

1527.350

1527.460

1523.860

1507.730

1508.520

1487.920

1498.580

1505.970

1494.730

1487.370

1501.340

1516.350

1504.460

1500.590

1467.170

1440.510

1356.560

1401.440

1441.610

1427.470

1434.540

1429.860

1477.440

1460.990

1464.920

1452.430

1468.250

1446.290

1415.100

1409.570

1432.630

1424.170

1412.140

1383.050

1407.810

1420.960

1452.360

1466.040

1447.800

1437.210

1406.950

1400.720

1373.860

1399.050

1381.520

1378.020

1422.450

1420.600

1448.810

1477.260

1467.630

1466.800

 
